,2018,974,4297,545,7680,3009,2072,7627,2129,5275,1103,4526,2337,8086,3134,3967,3310,5246,2470,7504,1169,7429,668,6578,2638,7017,252,5921,2814,3506,5615,2925,5658,1192,3527,744,6266,1354,7108,2986,5395,1415,6423,5796,781,7940,370,5450,2980,7560,1718,7850,171,7965,3482,7016,1792,7024,890,1800,5439,114,7541,3367,5129,8467,5892,8419,7741,9121,7739,8967,5738,9971,5545,9052,4357,8243,4336,9001,7973,7900,8317,6063,8829,8084,8236,6061,8626,7731,9134,7030,3849,8995,3723,8767,26
2018,0.0,-9,59,-9,0,59,43,9,16,0,-10,-3,23,0,6,0,0,-13,49,0,0,2,0,0,6,-9,0,24,-13,25,0,-8,19,0,11,59,0,15,11,0,59,9,44,24,12,-10,8,-45,1,6,22,8,-25,14,-17,17,7,5,21,12,6,6,2,-12,45,13,0,21,22,0,59,31,-4,24,52,0,36,33,9,7,-8,21,59,-10,0,24,6,7,7,0,23,50,59,2,3,-59,54
974,-9,0.0,59,2,17,59,59,20,31,23,3,5,37,0,10,15,22,0,59,19,12,5,0,10,20,3,9,49,0,41,2,2,34,12,29,59,10,31,30,7,59,18,42,38,27,0,16,-35,16,21,48,18,-6,33,-2,31,23,21,49,27,16,24,12,-5,54,32,3,42,39,4,59,56,8,37,59,4,42,59,29,14,1,42,59,0,3,50,12,19,21,13,49,59,59,5,20,-59,56
4297,59,59,0.0,-59,-59,3,-46,-59,0,-59,-59,-59,0,-59,-59,-59,-59,-59,23,-59,-27,-59,-59,-59,0,-59,-59,0,-59,11,-59,-59,0,-59,0,8,-59,-25,-59,-46,0,-59,-59,-27,-59,-59,-59,-59,-59,0,-59,-59,-59,-59,-59,-53,-59,-3,0,-59,0,0,-33,-59,-30,0,-59,0,0,-59,40,-59,-59,-53,0,-32,0,30,-59,-59,-59,0,47,-59,-59,7,-59,0,-3,-59,13,33,48,-59,-54,-59,-18
545,-9,2,-59,0.0,13,59,59,20,29,18,0,3,38,0,12,14,21,-4,59,17,13,5,0,10,29,0,8,47,-5,40,0,2,34,5,31,59,11,33,27,6,59,25,49,46,25,-3,17,-32,12,29,48,17,-10,40,-5,31,24,28,51,26,21,35,12,-7,50,32,1,48,44,1,59,47,3,36,59,3,51,59,27,12,0,51,59,0,0,53,9,26,30,10,47,59,59,4,14,-59,59
7680,0,17,-59,13,0.0,59,55,0,59,8,-13,-13,42,-22,0,0,-6,-32,59,-2,0,-13,-18,3,27,-21,-5,39,-24,39,-18,-12,37,-3,23,54,0,52,17,-9,59,10,31,31,11,-19,0,-53,-10,48,31,0,-38,19,-30,16,4,32,59,0,16,14,0,-34,39,26,-19,58,37,-11,59,26,-17,12,50,19,55,59,0,-10,-18,52,54,-22,-9,53,0,23,29,-4,53,59,59,0,7,-59,50
3009,59,59,3,59,59,0.0,-29,-52,-7,-59,-59,-59,-4,-59,-59,-59,-59,-59,11,-59,-40,-59,-59,-59,4,-59,-59,-10,-59,-4,-59,-59,-2,-59,-27,13,-57,-22,-59,-59,-19,-59,-59,-38,-58,-59,-59,-59,-59,2,-50,-59,-59,-58,-59,-45,-59,-5,5,-59,17,-26,-40,-59,-34,-24,-59,4,-10,-59,25,-59,-59,-59,10,-20,7,15,-59,-59,-59,-18,28,-59,-59,4,-58,5,7,-59,14,27,20,-59,-57,-59,-22
2072,43,59,-46,59,55,-29,0.0,-28,28,-49,-59,-59,0,-59,-29,-40,-46,-59,0,-49,-48,-59,-59,-48,0,-59,-59,-10,-59,0,-59,-46,-12,-59,0,9,-31,8,-35,-59,32,-34,0,0,-36,-59,-50,-59,-52,-9,-11,-43,-59,-21,-59,-29,-35,-9,11,-36,0,-26,-34,-59,0,-21,-59,0,0,-56,48,-13,-59,0,0,0,35,10,-40,-57,-59,0,59,-59,-53,0,-27,0,-3,-54,0,15,52,-34,-44,-59,5
7627,9,20,-59,20,0,-52,-28,0.0,0,0,-19,-15,10,-23,0,-8,0,-27,35,-12,0,-14,-19,-8,0,-19,0,14,-28,17,-19,-16,0,-17,0,35,-10,6,0,-12,59,-8,0,0,0,-26,0,-59,0,0,6,0,-37,0,-31,0,0,-2,0,0,0,0,0,-30,0,0,-22,0,8,-17,59,0,-19,0,0,-15,0,21,0,-10,-20,0,42,-26,-17,11,-3,0,2,-8,19,40,59,-10,-7,-59,32
2129,16,31,0,29,59,-7,28,0,0.0,-59,-27,-59,17,-59,-59,-59,-59,-59,23,-59,-23,-59,-59,-9,0,-59,-59,15,-59,12,-59,-27,11,-59,0,18,-23,-14,-59,-22,-14,-59,-59,-25,0,-59,-59,-37,-59,0,-38,-59,-59,-50,-59,-58,-59,2,0,-59,18,-19,-22,-59,-31,0,-59,0,0,-59,26,-59,-59,-58,22,-22,0,19,-59,-59,-59,0,45,-59,-32,10,-24,0,11,-59,23,33,29,-21,-15,-59,-23
5275,0,23,-59,18,8,-59,-49,0,-59,0.0,-20,-17,31,-27,0,0,5,-25,59,0,0,-13,-25,0,14,-16,0,31,-23,29,-21,-9,26,-12,17,59,4,38,9,0,59,0,32,34,4,-25,-5,-32,1,25,26,-5,-31,23,-28,14,0,18,51,7,7,17,5,-30,34,18,-14,49,34,-14,59,27,-20,22,59,0,59,59,0,-10,-19,38,59,-25,-15,45,0,13,15,-11,39,53,59,-9,-1,-59,59
1103,-10,3,-59,0,-13,-59,-59,-19,-27,-20,0.0,0,34,0,20,12,25,0,59,20,18,8,0,15,22,0,10,49,0,37,0,0,35,8,28,59,9,44,29,3,59,31,59,56,23,-4,18,-31,18,20,44,16,-10,32,-4,29,22,21,59,28,18,37,12,-5,55,30,0,59,42,0,59,58,5,41,59,0,59,59,31,13,0,42,59,0,0,52,10,22,24,10,42,59,59,4,18,-46,59
4526,-3,5,-59,3,-13,-59,-59,-15,-59,-17,0,0.0,34,0,7,10,17,-7,59,13,18,0,-5,7,16,0,8,48,-6,36,0,0,36,5,23,59,4,59,24,3,59,23,59,55,20,-4,14,-50,0,15,43,15,-14,24,-9,27,17,19,59,23,14,39,12,-11,54,25,0,59,48,0,59,51,0,41,59,0,59,59,22,9,0,50,59,-5,0,59,8,17,18,7,53,59,59,0,15,-59,59
2337,23,37,0,38,42,-4,0,10,17,31,34,34,0.0,-59,-21,-24,-45,-59,7,-37,-39,-55,-42,-30,0,-58,-48,0,-59,5,-59,-34,0,-45,0,8,-22,-8,-17,-30,0,-32,0,-17,-7,-59,-51,-59,-39,-7,0,-40,-59,0,-59,-10,-20,-9,0,-24,0,-25,-25,-59,0,-10,-55,0,0,-35,12,0,-59,-40,0,-29,0,0,-26,-49,-59,0,0,-59,-39,5,-25,0,-4,-25,0,20,15,-24,-31,-59,-28
8086,0,0,-59,0,-22,-59,-59,-23,-59,-27,0,0,-59,0.0,9,15,17,-11,59,11,59,10,0,12,37,-1,29,59,0,59,0,6,59,0,48,59,18,59,27,50,59,31,59,59,17,-3,24,-55,8,59,50,26,-20,38,-16,39,24,59,59,34,9,59,53,-14,59,49,0,59,59,0,59,54,-4,58,59,59,59,59,23,8,0,59,59,0,7,59,17,30,36,4,59,59,59,5,28,-4,59
3134,6,10,-59,12,0,-59,-29,0,-59,0,20,7,-21,9,0.0,0,0,-22,59,-8,0,1,-8,0,0,-24,0,26,-22,27,-7,-6,18,-6,3,59,0,30,4,0,59,6,48,36,0,-6,5,-57,-21,0,17,6,-41,6,-30,19,0,3,59,0,1,5,0,-24,48,18,-8,29,22,0,59,39,-17,34,59,0,59,59,12,5,-7,26,59,-18,-5,23,3,3,3,0,25,48,59,0,-1,-59,59
3967,0,15,-59,14,0,-59,-40,-8,-59,0,12,10,-24,15,0,0.0,0,-24,39,-2,0,-8,-17,0,14,-15,0,27,-20,25,-19,-9,18,-14,15,57,2,27,10,0,59,0,33,26,10,-22,4,-43,-3,16,33,0,-29,23,-22,16,8,13,35,8,12,7,2,-27,32,15,-11,32,26,-10,59,30,-13,22,32,0,37,41,8,-4,-19,34,59,-20,-12,34,0,13,15,0,29,45,59,-5,-3,-59,54
3310,0,22,-59,21,-6,-59,-46,0,-59,5,25,17,-45,17,0,0,0.0,-29,59,-3,59,2,-23,-2,24,-18,10,59,-27,47,-20,0,59,-17,34,59,6,59,8,0,59,23,41,59,0,-30,11,-39,-5,58,34,16,-32,23,-24,31,11,59,59,16,6,59,42,-31,59,40,-14,59,59,-9,59,30,-19,52,59,59,59,59,5,-8,-21,59,59,-24,0,59,18,21,24,-15,59,59,59,2,-6,-4,59
5246,-13,0,-59,-4,-32,-59,-59,-27,-59,-25,0,-7,-59,-11,-22,-24,-29,0.0,59,25,59,21,0,22,45,9,38,59,0,57,0,14,59,12,55,59,30,59,36,10,59,46,59,59,27,0,36,-20,22,59,59,43,-5,51,0,47,36,59,59,43,12,59,59,0,59,58,14,59,59,9,59,59,10,59,59,59,59,59,34,18,5,59,59,0,11,59,17,38,45,13,59,59,59,11,23,-4,59
2470,49,59,23,59,59,11,0,35,23,59,59,59,7,59,59,39,59,59,0.0,-59,-52,-59,-59,-50,0,-59,-59,-11,-59,-5,-59,-53,-15,-59,-27,0,-40,-30,-38,-59,-39,-55,-59,-33,-30,-59,-59,-59,-59,-11,-41,-59,-59,-35,-59,-41,-48,-14,-11,-56,0,-39,-46,-59,-25,-25,-59,0,-9,-59,0,-59,-59,-59,0,-39,-15,0,-59,-59,-59,-16,0,-59,-59,0,-52,0,-5,-59,0,11,0,-43,-43,-59,-53
7504,0,19,-59,17,-2,-59,-49,-12,-59,0,20,13,-37,11,-8,-2,-3,25,-59,0.0,13,0,-20,0,23,-16,0,38,-21,45,-21,0,37,-12,20,59,7,59,13,0,59,17,49,48,6,-24,12,-49,0,41,37,15,-31,26,-23,24,9,37,59,16,6,41,13,-27,51,28,-10,57,44,-6,59,37,-12,53,59,59,59,59,9,-6,-20,59,59,-19,0,52,11,19,24,-5,50,59,59,2,-1,-59,59
1169,0,12,-27,13,0,-40,-48,0,-23,0,18,18,-39,59,0,0,59,59,-52,13,0.0,-23,-23,0,35,-59,0,38,-59,38,-45,0,37,-6,0,51,0,7,0,-12,0,0,0,0,15,-59,-24,-59,-59,45,12,0,-59,0,-59,11,0,29,37,0,53,0,0,-59,33,25,-59,48,24,-16,59,-59,-59,-23,47,0,30,43,-59,-59,-37,24,48,-59,-12,49,0,32,40,-12,53,59,59,0,8,-4,8
7429,2,5,-59,5,-13,-59,-59,-14,-59,-13,8,0,-55,10,1,-8,2,21,-59,0,-23,0.0,-6,5,34,-15,8,53,-18,43,-6,0,55,0,35,59,5,59,22,3,59,22,45,51,18,-13,8,-57,0,55,40,15,-31,23,-23,28,14,51,59,22,0,40,20,-23,53,37,-9,59,57,-2,59,32,-7,32,59,59,59,59,0,1,-6,59,59,-17,0,59,7,23,31,-2,59,59,59,0,17,-59,59
668,0,0,-59,0,-18,-59,-59,-19,-59,-25,0,-5,-42,0,-8,-17,-23,0,-59,-20,-23,-6,0.0,10,18,0,12,55,0,43,0,0,44,13,39,59,10,59,31,8,59,28,50,57,27,0,18,-46,13,50,49,20,-6,40,0,34,24,28,59,30,11,41,20,-5,59,41,0,59,50,6,59,56,0,38,59,4,59,59,29,14,0,55,59,0,0,59,13,16,18,13,59,59,59,3,24,-59,59
6578,0,10,-59,10,3,-59,-48,-8,-9,0,15,7,-30,12,0,0,-2,22,-50,0,0,5,10,0.0,6,-13,0,31,-16,32,-21,-8,24,-10,18,52,4,28,12,-3,59,11,46,30,8,-21,10,-37,-2,13,35,0,-28,24,-20,19,10,8,42,10,5,7,4,-25,45,20,-11,44,28,-4,59,35,-10,25,44,0,42,52,9,3,-21,35,48,-15,-9,42,0,6,7,0,40,59,59,1,1,-59,56
2638,6,20,0,29,27,4,0,0,0,14,22,16,0,37,0,14,24,45,0,23,35,34,18,6,0.0,-59,-33,0,-47,6,-59,-27,0,-32,0,0,-12,-3,0,-13,0,-35,0,0,0,-52,-51,-59,0,0,0,-23,-54,0,-58,0,0,-3,0,0,0,0,0,-43,0,0,-35,0,0,-22,0,0,-59,-21,0,-20,0,0,0,-17,-41,0,0,-43,-31,5,0,0,2,-6,0,17,8,0,-18,-59,-16
7017,-9,3,-59,0,-21,-59,-59,-19,-59,-16,0,0,-58,-1,-24,-15,-18,9,-59,-16,-59,-15,0,-13,-59,0.0,27,59,0,59,0,0,59,1,44,59,23,59,28,59,59,41,59,59,20,-4,29,-32,13,59,52,38,-15,41,-6,41,28,59,59,36,19,59,51,-12,59,54,1,59,59,0,59,53,0,59,59,59,59,59,25,9,0,59,59,0,0,59,40,56,59,1,59,59,59,3,13,-4,59
252,0,9,-59,8,-5,-59,-59,0,-59,0,10,8,-48,29,0,0,10,38,-59,0,0,8,12,0,-33,27,0.0,47,-40,38,-11,0,42,0,28,58,0,55,16,0,59,9,0,37,16,-38,0,-48,-11,45,29,5,-43,15,-38,20,6,38,57,0,12,20,0,-42,44,31,-22,59,48,-6,59,-38,-27,0,56,0,54,59,0,-14,-10,38,54,-38,0,59,0,25,34,0,59,59,59,1,10,-46,57
5921,24,49,0,47,39,-10,-10,14,15,31,49,48,0,59,26,27,59,59,-11,38,38,53,55,31,0,59,47,0.0,-59,4,-59,-42,0,-45,0,8,-22,-6,-18,-44,0,-34,0,-14,-18,-59,-47,-59,-51,0,-2,-39,-59,-5,-59,-16,-20,-4,0,-32,2,-15,-27,-59,0,-11,-59,0,0,-45,32,-15,-59,-44,0,-25,0,10,-42,-53,-59,0,11,-59,-47,8,-33,0,2,-40,8,24,22,-26,-31,-59,-18
2814,-13,0,-59,-5,-24,-59,-59,-28,-59,-23,0,-6,-59,0,-22,-20,-27,0,-59,-21,-59,-18,0,-16,-47,0,-40,-59,0.0,59,0,12,59,11,52,59,26,59,35,38,59,44,59,59,26,0,30,-30,14,59,57,39,-9,45,0,46,30,59,59,43,13,59,59,0,59,59,7,59,59,9,59,54,8,59,59,59,59,59,28,15,5,59,59,0,13,59,19,39,46,11,59,59,59,7,22,-4,59
3506,25,41,11,40,39,-4,0,17,12,29,37,36,5,59,27,25,47,57,-5,45,38,43,43,32,6,59,38,4,59,0.0,-58,-38,-7,-42,-16,0,-28,-13,-18,-34,0,-35,0,-19,-13,-57,-37,-54,-33,-16,-12,-37,-59,-4,-59,-13,-31,-14,0,-29,0,-34,-33,-52,0,-14,-59,0,-6,-36,7,-31,-59,-46,0,-33,-2,-5,-38,-59,-44,0,0,-59,-39,0,-29,-3,-4,-27,0,19,12,-31,-32,-59,-40
5615,0,2,-59,0,-18,-59,-59,-19,-59,-21,0,0,-59,0,-7,-19,-20,0,-59,-21,-45,-6,0,-21,-59,0,-11,-59,0,-58,0.0,0,59,9,44,59,29,59,33,5,59,39,59,59,24,-4,19,-30,0,59,52,38,-10,46,-5,35,33,59,59,31,23,59,51,-9,59,51,0,59,59,0,59,58,0,41,59,59,59,59,30,10,0,59,59,0,0,59,10,59,59,9,59,59,59,2,20,-4,59
2925,-8,2,-59,2,-12,-59,-46,-16,-27,-9,0,0,-34,6,-6,-9,0,14,-53,0,0,0,0,-8,-27,0,0,-42,12,-38,0,0.0,29,0,24,41,7,28,23,5,59,8,0,31,24,-3,8,-38,0,24,42,0,-21,31,-12,27,19,24,36,0,31,0,0,-17,42,26,0,42,37,0,59,0,0,22,43,0,32,59,10,7,-3,38,59,-8,0,44,8,26,28,10,41,58,59,0,7,-59,52
5658,19,34,0,34,37,-2,-12,0,11,26,35,36,0,59,18,18,59,59,-15,37,37,55,44,24,0,59,42,0,59,-7,59,29,0.0,-40,0,9,-18,-5,-13,-27,0,-31,1,-12,-6,-59,-59,-59,-55,0,-3,-37,-59,0,-59,-10,-18,-6,0,-23,0,-23,-23,-59,0,0,-59,0,0,-35,18,-44,-59,-55,0,-20,0,0,-45,-59,-59,0,2,-59,-37,9,-26,0,-2,-27,11,27,19,-20,-26,-59,-34
1192,0,12,-59,5,-3,-59,-59,-17,-59,-12,8,5,-45,0,-6,-14,-17,12,-59,-12,-6,0,13,-10,-32,1,0,-45,11,-42,9,0,-40,0.0,28,59,15,54,25,0,59,15,57,47,16,-13,7,-54,12,47,50,6,-19,40,-13,26,20,37,59,21,16,26,12,-16,47,32,0,59,52,0,59,50,-4,33,58,17,59,59,22,5,-9,59,57,-11,0,58,0,27,34,0,55,59,59,3,11,-59,59
3527,11,29,0,31,23,-27,0,0,0,17,28,23,0,48,3,15,34,55,-27,20,0,35,39,18,0,44,28,0,52,-16,44,24,0,28,0.0,27,-13,6,0,-21,0,-14,1,0,0,-46,-25,-57,-31,0,1,-22,-59,0,-59,0,0,-1,0,0,0,0,0,-54,0,0,-46,0,0,-27,46,0,-44,-17,0,-12,0,16,0,-34,-42,0,23,-51,-28,20,-18,0,-3,-14,22,40,44,-16,-16,-3,-4
744,59,59,8,59,54,13,9,35,18,59,59,59,8,59,59,57,59,59,0,59,51,59,59,52,0,59,58,8,59,0,59,41,9,59,27,0.0,-38,-14,-39,-59,-35,-52,-59,-32,-36,-59,-59,-59,-59,-8,-45,-59,-59,-38,-59,-44,-49,-12,-8,-59,4,-38,-42,-59,-25,-23,-59,0,-23,-59,3,-59,-59,-59,0,-33,0,-8,-59,-59,-59,0,0,-59,-59,0,-54,3,-2,-59,0,17,7,-41,-41,-59,-49
6266,0,10,-59,11,0,-57,-31,-10,-23,4,9,4,-22,18,0,2,6,30,-40,7,0,5,10,4,-12,23,0,-22,26,-28,29,7,-18,15,-13,-38,0.0,18,7,0,59,0,28,16,14,-29,0,-56,-6,11,17,0,-36,15,-31,16,4,11,28,0,16,0,0,-31,28,12,-13,27,21,-8,59,15,-22,17,28,-4,28,31,0,-6,-25,30,43,-25,-7,29,4,14,17,4,27,43,59,-3,-6,-59,38
1354,15,31,-25,33,52,-22,8,6,-14,38,44,59,-8,59,30,27,59,59,-30,59,7,59,59,28,-3,59,55,-6,59,-13,59,28,-5,54,6,-14,18,0.0,-32,-18,13,-43,-31,-3,-8,-59,-59,-59,-59,-3,-16,-50,-59,-11,-59,-9,-20,-2,9,-44,6,-9,-11,-59,-7,-6,-59,13,7,-43,59,-49,-59,-25,42,-15,19,20,-59,-59,-59,-1,59,-59,-36,11,-14,5,5,-53,8,19,59,-12,-32,-59,0
7108,11,30,-59,27,17,-59,-35,0,-59,9,29,24,-17,27,4,10,8,36,-38,13,0,22,31,12,0,28,16,-18,35,-18,33,23,-13,25,0,-39,7,-32,0.0,-18,59,1,1,20,0,-33,-9,-59,-14,0,18,0,-43,0,-37,0,0,3,44,0,0,0,0,-39,24,0,-23,32,19,-22,59,23,-27,16,33,0,59,42,0,-18,-32,33,38,-32,-24,31,-14,0,4,-14,25,42,59,-16,-12,-59,42
2986,0,7,-46,6,-9,-59,-59,-12,-22,0,3,3,-30,50,0,0,0,10,-59,0,-12,3,8,-3,-13,59,0,-44,38,-34,5,5,-27,0,-21,-59,0,-18,-18,0.0,26,0,0,15,20,-25,0,-31,-59,14,12,0,-15,14,-59,23,16,15,30,15,12,15,5,-13,46,26,-38,37,31,0,59,0,-59,0,59,0,41,55,-25,6,-6,30,59,-59,-5,43,4,14,15,0,41,54,59,2,9,-59,23
5395,59,59,0,59,59,-19,32,59,-14,59,59,59,0,59,59,59,59,59,-39,59,0,59,59,59,0,59,59,0,59,0,59,59,0,59,0,-35,59,13,59,26,0.0,-56,-59,0,-59,-59,-59,-59,-59,0,-48,-59,-59,-59,-59,-51,-59,-1,0,-59,59,0,0,-59,-29,0,-59,0,0,-59,46,-59,-59,-51,42,-20,0,38,-59,-59,-59,0,58,-59,-59,8,-59,0,11,-59,47,41,57,-59,-52,-4,3
1415,9,18,-59,25,10,-59,-34,-8,-59,0,31,23,-32,31,6,0,23,46,-55,17,0,22,28,11,-35,41,9,-34,44,-35,39,8,-31,15,-14,-52,0,-43,1,0,-56,0.0,27,27,2,-43,-10,-59,-29,36,16,-3,-55,9,-48,15,0,34,56,0,36,14,5,-46,32,21,-37,50,35,-13,59,16,-36,21,53,17,58,59,-8,-30,-38,46,59,-42,-9,48,0,34,37,-13,45,56,59,-7,4,-4,44
6423,44,42,-59,49,31,-59,0,0,-59,32,59,59,0,59,48,33,41,59,-59,49,0,45,50,46,0,59,0,0,59,0,59,0,1,57,1,-59,28,-31,1,0,-59,27,0.0,0,-36,-59,-29,-59,-57,0,0,-28,-59,0,-59,0,-33,-2,46,0,0,0,-1,-59,0,-2,-59,0,0,-43,59,-1,-59,0,59,0,59,59,-48,-56,-42,0,59,-59,-38,42,-28,0,-5,-59,0,44,59,-39,-34,-4,47
5796,24,38,-27,46,31,-38,0,0,-25,34,56,55,-17,59,36,26,59,59,-33,48,0,51,57,30,0,59,37,-14,59,-19,59,31,-12,47,0,-32,16,-3,20,15,0,27,0,0.0,0,-59,-51,-59,-59,0,0,-31,-59,0,-59,0,-18,2,23,0,0,0,0,-59,0,0,-59,28,18,-43,59,-58,-59,-25,34,0,23,47,-59,-59,-58,0,59,-59,-38,25,-18,0,11,-47,28,39,58,-21,-17,-46,22
781,12,27,-59,25,11,-58,-36,0,0,4,23,20,-7,17,0,10,0,27,-30,6,15,18,27,8,0,20,16,-18,26,-13,24,24,-6,16,0,-36,14,-8,0,20,-59,2,-36,0,0.0,-27,-6,-53,-10,0,20,-7,-33,6,-28,0,0,-3,16,0,0,0,-11,-31,29,0,-13,0,10,-21,59,34,-18,7,25,-23,21,27,0,-12,-26,15,33,-25,-23,23,-14,0,-2,-12,20,36,59,-14,-9,-59,41
7940,-10,0,-59,-3,-19,-59,-59,-26,-59,-25,-4,-4,-59,-3,-6,-22,-30,0,-59,-24,-59,-13,0,-21,-52,-4,-38,-59,0,-57,-4,-3,-59,-13,-46,-59,-29,-59,-33,-25,-59,-43,-59,-59,-27,0.0,21,-59,18,59,59,21,-6,48,-1,43,34,59,59,36,12,59,51,-5,59,56,0,59,59,7,59,47,4,47,59,59,59,59,17,14,4,59,59,0,9,59,14,40,50,12,59,59,59,8,24,-4,59
370,8,16,-59,17,0,-59,-50,0,-59,-5,18,14,-51,24,5,4,11,36,-59,12,-24,8,18,10,-51,29,0,-47,30,-37,19,8,-59,7,-25,-59,0,-59,-9,0,-59,-10,-29,-51,-6,21,0.0,-59,-16,50,28,0,-44,12,-36,22,0,59,59,0,23,38,23,-40,49,28,-24,59,53,-12,59,21,-19,29,59,50,59,59,0,-14,-16,59,59,-29,-7,59,0,41,54,-7,59,59,59,-8,5,-4,59
5450,-45,-35,-59,-32,-53,-59,-59,-59,-37,-32,-31,-50,-59,-55,-57,-43,-39,-20,-59,-49,-59,-57,-46,-37,-59,-32,-48,-59,-30,-54,-30,-38,-59,-54,-57,-59,-56,-59,-59,-31,-59,-59,-59,-59,-53,-59,-59,0.0,34,59,59,59,15,59,27,59,50,59,59,59,58,59,59,36,59,59,35,59,59,36,59,59,49,59,59,24,59,59,44,42,21,59,59,38,47,59,59,59,59,59,59,56,59,58,39,-59,59
2980,1,16,-59,12,-10,-59,-52,0,-59,1,18,0,-39,8,-21,-3,-5,22,-59,0,-59,0,13,-2,0,13,-11,-51,14,-33,0,0,-55,12,-31,-59,-6,-59,-14,-59,-59,-29,-57,-59,-10,18,-16,34,0.0,59,41,20,-26,28,-18,27,15,59,59,20,0,59,51,-25,57,29,-8,59,56,-3,59,38,0,59,59,59,59,59,10,1,-17,59,59,-12,0,59,9,0,41,-4,59,59,59,0,-2,-4,59
7560,6,21,0,29,48,2,-9,0,0,25,20,15,-7,59,0,16,58,59,-11,41,45,55,50,13,0,59,45,0,59,-16,59,24,0,47,0,-8,11,-3,0,14,0,36,0,0,0,59,50,59,59,0.0,5,-45,-59,0,-59,0,-8,-1,0,0,12,0,-16,-59,0,0,-59,0,6,-27,13,-34,-59,-36,0,-20,0,13,-50,-59,-56,10,0,-59,-32,10,-3,0,4,-7,8,21,19,-9,-29,-59,-18
1718,22,48,-59,48,31,-50,-11,6,-38,26,44,43,0,50,17,33,34,59,-41,37,12,40,49,35,0,52,29,-2,57,-12,52,42,-3,50,1,-45,17,-16,18,12,-48,16,0,0,20,59,28,59,41,5,0.0,-20,-59,-9,-59,-13,-21,-1,38,-17,-1,0,-13,-59,9,-9,-48,17,5,-43,59,-3,-47,0,52,0,52,50,-30,-41,-55,9,59,-56,-44,8,-8,0,-1,-31,9,31,59,-17,-31,-59,24
7850,8,18,-59,17,0,-59,-43,0,-59,-5,16,15,-40,26,6,0,16,43,-59,15,0,15,20,0,-23,38,5,-39,39,-37,38,0,-37,6,-22,-59,0,-50,0,0,-59,-3,-28,-31,-7,21,0,59,20,-45,-20,0.0,-53,0,-46,15,0,33,59,0,3,17,0,-43,38,26,-28,58,37,-12,59,17,-32,20,56,21,59,59,0,-22,-20,48,59,-38,-10,53,0,19,27,-7,53,59,59,0,6,-59,48
171,-25,-6,-59,-10,-38,-59,-59,-37,-59,-31,-10,-14,-59,-20,-41,-29,-32,-5,-59,-31,-59,-31,-6,-28,-54,-15,-43,-59,-9,-59,-10,-21,-59,-19,-59,-59,-36,-59,-43,-15,-59,-55,-59,-59,-33,-6,-44,15,-26,-59,-59,-53,0.0,55,8,57,41,59,59,52,17,59,59,0,59,59,21,59,59,17,59,59,20,59,59,59,59,59,39,24,10,59,59,13,21,59,54,45,51,19,59,59,59,16,29,-46,59
7965,14,33,-59,40,19,-58,-21,0,-50,23,32,24,0,38,6,23,23,51,-35,26,0,23,40,24,0,41,15,-5,45,-4,46,31,0,40,0,-38,15,-11,0,14,-59,9,0,0,6,48,12,59,28,0,-9,0,55,0.0,-47,0,-11,-3,11,0,0,0,0,-53,0,0,-37,10,8,-31,59,0,-37,0,37,-12,35,27,-17,-30,-46,11,59,-43,-32,13,0,0,1,-11,8,39,59,-9,-28,-59,32
3482,-17,-2,-59,-5,-30,-59,-59,-31,-59,-28,-4,-9,-59,-16,-30,-22,-24,0,-59,-23,-59,-23,0,-20,-58,-6,-38,-59,0,-59,-5,-12,-59,-13,-59,-59,-31,-59,-37,-59,-59,-48,-59,-59,-28,-1,-36,27,-18,-59,-59,-46,8,-47,0.0,50,34,59,59,46,16,59,59,0,59,59,13,59,59,10,59,59,12,59,59,59,59,59,34,17,4,59,59,5,16,59,44,50,55,15,59,59,59,12,24,-46,59
7016,17,31,-53,31,16,-45,-29,0,-58,14,29,27,-10,39,19,16,31,47,-41,24,11,28,34,19,0,41,20,-16,46,-13,35,27,-10,26,0,-44,16,-9,0,23,-51,15,0,0,0,43,22,59,27,0,-13,15,57,0,50,0.0,-6,0,28,0,9,0,-10,-49,16,0,-37,25,11,-27,59,0,-36,0,39,-23,34,40,-19,-27,-35,15,44,-44,-28,26,-17,0,7,-20,28,45,59,-23,-12,-59,23
1792,7,23,-59,24,4,-59,-35,0,-59,0,22,17,-20,24,0,8,11,36,-48,9,0,14,24,10,0,28,6,-20,30,-31,33,19,-18,20,0,-49,4,-20,0,16,-59,0,-33,-18,0,34,0,50,15,-8,-21,0,41,-11,34,-6,0.0,5,36,0,4,0,0,-40,35,10,-23,33,19,-18,59,21,-22,4,45,0,47,37,0,-16,-33,28,38,-28,-17,29,0,5,6,-7,34,53,59,0,-9,-59,42
7024,5,21,-3,28,32,-5,-9,-2,2,18,21,19,-9,59,3,13,59,59,-14,37,29,51,28,8,-3,59,38,-4,59,-14,59,24,-6,37,-1,-12,11,-2,3,15,-1,34,-2,2,-3,59,59,59,59,-1,-1,33,59,-3,59,0,5,0.0,4,-27,8,-12,-16,-59,1,-2,-59,11,4,-25,17,-30,-59,-35,11,-15,3,13,-59,-59,-59,9,13,-59,-30,11,-4,4,5,-8,10,23,19,-4,-19,-59,-14
890,21,49,0,51,59,5,11,0,0,51,59,59,0,59,59,35,59,59,-11,59,37,59,59,42,0,59,57,0,59,0,59,36,0,59,0,-8,28,9,44,30,0,56,46,23,16,59,59,59,59,0,38,59,59,11,59,28,36,4,0.0,-57,0,-23,-33,-59,-19,-11,-59,0,-3,-57,12,-59,-59,-57,0,-25,10,3,-59,-59,-59,0,53,-59,-53,5,-39,0,2,-59,0,12,34,-20,-41,-59,-35
1800,12,27,-59,26,0,-59,-36,0,-59,7,28,23,-24,34,0,8,16,43,-56,16,0,22,30,10,0,36,0,-32,43,-29,31,0,-23,21,0,-59,0,-44,0,15,-59,0,0,0,0,36,0,59,20,0,-17,0,52,0,46,0,0,-27,-57,0.0,0,0,0,-44,30,0,-32,47,37,-22,59,0,-32,0,59,0,59,59,0,-24,-29,42,59,-39,-20,44,0,0,31,-15,45,58,59,-16,-7,-4,47
5439,6,16,0,21,16,17,0,0,18,7,18,14,0,9,1,12,6,12,0,6,53,0,11,5,0,19,12,2,13,0,23,31,0,16,0,4,16,6,0,12,59,36,0,0,0,12,23,58,0,12,-1,3,17,0,16,9,4,8,0,0,0.0,-27,-23,-13,0,-2,-7,0,-4,-14,0,0,-19,-5,0,-20,0,-1,0,8,-17,0,-19,-11,-23,0,0,0,-2,-5,-2,5,0,-2,-13,-59,-21
114,6,24,0,35,14,-26,-26,0,-19,17,37,39,-25,59,5,7,59,59,-39,41,0,40,41,7,0,59,20,-15,59,-34,59,0,-23,26,0,-38,0,-9,0,15,0,14,0,0,0,59,38,59,59,0,0,17,59,0,59,0,0,-12,-23,0,-27,0.0,0,-59,0,0,-59,31,10,-31,44,0,-59,-34,35,0,32,27,-59,-59,-55,16,33,-59,-31,34,-13,0,20,-29,39,51,45,0,-2,-46,-7
7541,2,12,-33,12,0,-40,-34,0,-22,5,12,12,-25,53,0,2,42,59,-46,13,0,20,20,4,0,51,0,-27,59,-33,51,0,-23,12,0,-42,0,-11,0,5,0,5,-1,0,-11,51,23,59,51,-16,-13,0,59,0,59,-10,0,-16,-33,0,-23,0,0.0,-58,26,0,-51,34,24,-11,59,0,-51,-10,36,0,32,31,0,-40,-36,29,43,-57,-12,36,0,0,20,-5,39,58,58,0,-3,-59,14
3367,-12,-5,-59,-7,-34,-59,-59,-30,-59,-30,-5,-11,-59,-14,-24,-27,-31,0,-59,-27,-59,-23,-5,-25,-43,-12,-42,-59,0,-52,-9,-17,-59,-16,-54,-59,-31,-59,-39,-13,-59,-46,-59,-59,-31,-5,-40,36,-25,-59,-59,-43,0,-53,0,-49,-40,-59,-59,-44,-13,-59,-58,0.0,59,59,18,59,59,14,59,59,15,59,59,59,59,59,37,21,9,59,59,5,15,59,24,35,40,17,59,59,59,13,29,-46,59
5129,45,54,-30,50,39,-34,0,0,-31,34,55,54,0,59,48,32,59,59,-25,51,33,53,59,45,0,59,44,0,59,0,59,42,0,47,0,-25,28,-7,24,46,-29,32,0,0,29,59,49,59,57,0,9,38,59,0,59,16,35,1,-19,30,0,0,26,59,0.0,0,-59,20,0,-51,59,-46,-59,-27,0,-18,25,29,-51,-59,-59,0,59,-59,-48,16,-40,0,3,-51,16,31,59,-40,-32,-46,16
8467,13,32,0,32,26,-24,-21,0,0,18,30,25,-10,49,18,15,40,58,-25,28,25,37,41,20,0,54,31,-11,59,-14,51,26,0,32,0,-23,12,-6,0,26,0,21,-2,0,0,56,28,59,29,0,-9,26,59,0,59,0,10,-2,-11,0,-2,0,0,59,0,0.0,-50,0,6,-30,40,0,-54,-25,0,-18,0,16,-23,-37,-45,14,21,-54,-30,19,-21,2,7,-22,18,36,41,-19,-17,-59,-3
5892,0,3,-59,1,-19,-59,-59,-22,-59,-14,0,0,-55,0,-8,-11,-14,14,-59,-10,-59,-9,0,-11,-35,1,-22,-59,7,-59,0,0,-59,0,-46,-59,-13,-59,-23,-38,-59,-37,-59,-59,-13,0,-24,35,-8,-59,-48,-28,21,-37,13,-37,-23,-59,-59,-32,-7,-59,-51,18,-59,-50,0.0,59,59,0,59,47,-4,59,59,59,59,59,18,7,0,59,59,0,0,59,17,29,35,0,59,59,59,3,11,-4,59
8419,21,42,0,48,58,4,0,0,0,49,59,59,0,59,29,32,59,59,0,57,48,59,59,44,0,59,59,0,59,0,59,42,0,59,0,0,27,13,32,37,0,50,0,28,0,59,59,59,59,0,17,58,59,10,59,25,33,11,0,47,0,31,34,59,20,0,59,0.0,-7,-54,0,-59,-59,-59,0,-27,0,0,-59,-59,-59,0,0,-59,-51,0,-28,0,-4,-59,0,12,10,-25,-45,-59,-21
7741,22,39,0,44,37,-10,0,8,0,34,42,48,0,59,22,26,59,59,-9,44,24,57,50,28,0,59,48,0,59,-6,59,37,0,52,0,-23,21,7,19,31,0,35,0,18,10,59,53,59,56,6,5,37,59,8,59,11,19,4,-3,37,-4,10,24,59,0,6,59,-7,0.0,-43,37,-24,-59,-32,9,-19,0,19,-42,-59,-59,4,30,-59,-43,6,-15,0,2,-28,7,22,24,-21,-33,-59,-11
9121,0,4,-59,1,-11,-59,-56,-17,-59,-14,0,0,-35,0,0,-10,-9,9,-59,-6,-16,-2,6,-4,-22,0,-6,-45,9,-36,0,0,-35,0,-27,-59,-8,-43,-22,0,-59,-13,-43,-43,-21,7,-12,36,-3,-27,-43,-12,17,-31,10,-27,-18,-25,-57,-22,-14,-31,-11,14,-51,-30,0,-54,-43,0.0,59,37,-4,33,59,0,59,59,12,7,-4,43,59,-8,0,56,6,20,24,5,48,59,59,3,14,-59,59
7739,59,59,40,59,59,25,48,59,26,59,59,59,12,59,59,59,59,59,0,59,59,59,59,59,0,59,59,32,59,7,59,59,18,59,46,3,59,59,59,59,46,59,59,59,59,59,59,59,59,13,59,59,59,59,59,59,59,17,12,59,0,44,59,59,59,40,59,0,37,59,0.0,-59,-59,-59,0,-38,-18,-10,-59,-59,-59,-51,0,-59,-59,-9,-59,0,-5,-59,0,10,0,-59,-59,-59,-50
8967,31,56,-59,47,26,-59,-13,0,-59,27,58,51,0,54,39,30,30,59,-59,37,-59,32,56,35,0,53,-38,-15,54,-31,58,0,-44,50,0,-59,15,-49,23,0,-59,16,-1,-58,34,47,21,59,38,-34,-3,17,59,0,59,0,21,-30,-59,0,0,0,0,59,-46,0,47,-59,-24,37,-59,0.0,-54,17,59,0,59,59,-31,-42,0,59,59,-59,-25,59,0,0,11,-49,59,58,59,-40,-20,-4,59
5738,-4,8,-59,3,-17,-59,-59,-19,-59,-20,5,0,-59,-4,-17,-13,-19,10,-59,-12,-59,-7,0,-10,-59,0,-27,-59,8,-59,0,0,-59,-4,-44,-59,-22,-59,-27,-59,-59,-36,-59,-59,-18,4,-19,49,0,-59,-47,-32,20,-37,12,-36,-22,-59,-59,-32,-19,-59,-51,15,-59,-54,-4,-59,-59,-4,-59,-54,0.0,59,59,59,59,59,25,9,-3,59,59,-7,4,59,32,59,59,4,59,59,59,7,16,-3,59
9971,24,37,-53,36,12,-59,0,0,-58,22,41,41,-40,58,34,22,52,59,-59,53,-23,32,38,25,-21,59,0,-44,59,-46,41,22,-55,33,-17,-59,17,-25,16,0,-51,21,0,-25,7,47,29,59,59,-36,0,20,59,0,59,0,4,-35,-57,0,-5,-34,-10,59,-27,-25,59,-59,-32,33,-59,17,59,0.0,59,12,59,59,-46,-58,-35,45,59,-59,-29,58,0,13,17,-34,59,59,59,-30,-12,-59,28
5545,52,59,0,59,50,10,0,0,22,59,59,59,0,59,59,32,59,59,0,59,47,59,59,44,0,59,56,0,59,0,59,43,0,58,0,0,28,42,33,59,42,53,59,34,25,59,59,59,59,0,52,56,59,37,59,39,45,11,0,59,0,35,36,59,0,0,59,0,9,59,0,59,59,59,0.0,-32,0,0,-59,-59,-59,0,0,-59,-59,0,-51,0,-4,-59,0,20,0,-43,-34,-46,-42
9052,0,4,-32,3,19,-20,0,-15,-22,0,0,0,-29,59,0,0,59,59,-39,59,0,59,4,0,-20,59,0,-25,59,-33,59,0,-20,17,-12,-33,-4,-15,0,0,-20,17,0,0,-23,59,50,24,59,-20,0,21,59,-12,59,-23,0,-15,-25,0,-20,0,0,59,-18,-18,59,-27,-19,0,-38,0,59,12,-32,0.0,31,27,-59,-59,-4,29,59,-59,-4,33,0,16,21,0,32,47,54,1,-1,-59,-9
4357,36,42,0,51,55,7,35,0,0,59,59,59,0,59,59,37,59,59,-15,59,30,59,59,42,0,59,54,0,59,-2,59,32,0,59,0,0,28,19,59,41,0,58,59,23,21,59,59,59,59,0,52,59,59,35,59,34,47,3,10,59,0,32,32,59,25,0,59,0,0,59,-18,59,59,59,0,31,0.0,15,-59,-59,-59,0,39,-59,-59,3,-47,0,3,-59,8,22,31,-33,-38,-59,-37
8243,33,59,30,59,59,15,10,21,19,59,59,59,0,59,59,41,59,59,0,59,43,59,59,52,0,59,59,10,59,-5,59,59,0,59,16,-8,31,20,42,55,38,59,59,47,27,59,59,59,59,13,50,59,59,27,59,40,37,13,3,59,-1,27,31,59,29,16,59,0,19,59,-10,59,59,59,0,27,15,0.0,-59,-59,-59,-11,10,-59,-59,-1,-39,0,-2,-59,7,20,5,-30,-47,-59,-34
4336,9,29,-59,27,0,-59,-40,0,-59,0,31,22,-26,23,12,8,5,34,-59,9,-59,0,29,9,0,25,0,-42,28,-38,30,10,-45,22,0,-59,0,-59,0,-25,-59,-8,-48,-59,0,17,0,44,10,-50,-30,0,39,-17,34,-19,0,-59,-59,0,0,-59,0,37,-51,-23,18,-59,-42,12,-59,-31,25,-46,-59,-59,-59,-59,0.0,-14,-28,59,59,-29,0,59,5,0,19,-19,59,59,59,-17,-4,-4,59
9001,7,14,-59,12,-10,-59,-57,-10,-59,-10,13,9,-49,8,5,-4,-8,18,-59,-6,-59,1,14,3,-17,9,-14,-53,15,-59,10,7,-59,5,-34,-59,-6,-59,-18,6,-59,-30,-56,-59,-12,14,-14,42,1,-59,-41,-22,24,-30,17,-27,-16,-59,-59,-24,8,-59,-40,21,-59,-37,7,-59,-59,7,-59,-42,9,-58,-59,-59,-59,-59,-14,0.0,-12,59,59,-14,-6,59,-4,-5,0,-5,59,59,59,-9,8,-59,59
7973,-8,1,-59,0,-18,-59,-59,-20,-59,-19,0,0,-59,0,-7,-19,-21,5,-59,-20,-37,-6,0,-21,-41,0,-10,-59,5,-44,0,-3,-59,-9,-42,-59,-25,-59,-32,-6,-59,-38,-42,-58,-26,4,-16,21,-17,-56,-55,-20,10,-46,4,-35,-33,-59,-59,-29,-17,-55,-36,9,-59,-45,0,-59,-59,-4,-59,0,-3,-35,-59,-4,-59,-59,-28,-12,0.0,59,59,0,3,59,10,38,43,9,59,59,59,6,20,-59,59
7900,21,42,0,51,52,-18,0,0,0,38,42,50,0,59,26,34,59,59,-16,59,24,59,55,35,0,59,38,0,59,0,59,38,0,59,0,0,30,-1,33,30,0,46,0,0,15,59,59,59,59,10,9,48,59,11,59,15,28,9,0,42,0,16,29,59,0,14,59,0,4,43,-51,59,59,45,0,29,0,-11,59,59,59,0.0,59,-59,-50,0,-21,0,-3,-39,0,12,59,-22,-45,-59,-5
8317,59,59,47,59,54,28,59,42,45,59,59,59,0,59,59,59,59,59,0,59,48,59,59,48,0,59,54,11,59,0,59,59,2,57,23,0,43,59,38,59,58,59,59,59,33,59,59,59,59,0,59,59,59,59,59,44,38,13,53,59,-19,33,43,59,59,21,59,0,30,59,0,59,59,59,0,59,39,10,59,59,59,59,0.0,-59,-59,0,-59,0,-4,-59,9,25,0,-57,-54,-59,-47
6063,-10,0,-59,0,-22,-59,-59,-26,-59,-25,0,-5,-59,0,-18,-20,-24,0,-59,-19,-59,-17,0,-15,-43,0,-38,-59,0,-59,0,-8,-59,-11,-51,-59,-25,-59,-32,-59,-59,-42,-59,-59,-25,0,-29,38,-12,-59,-56,-38,13,-43,5,-44,-28,-59,-59,-39,-11,-59,-57,5,-59,-54,0,-59,-59,-8,-59,-59,-7,-59,-59,-59,-59,-59,-29,-14,0,-59,-59,0.0,11,59,21,37,42,11,59,59,59,7,22,-4,59
8829,0,3,-59,0,-9,-59,-53,-17,-32,-15,0,0,-39,7,-5,-12,0,11,-59,0,-12,0,0,-9,-31,0,0,-47,13,-39,0,0,-37,0,-28,-59,-7,-36,-24,-5,-59,-9,-38,-38,-23,9,-7,47,0,-32,-44,-10,21,-32,16,-28,-17,-30,-53,-20,-23,-31,-12,15,-48,-30,0,-51,-43,0,-59,-25,4,-29,-59,-4,-59,-59,0,-6,3,-50,-59,11,0.0,54,8,28,32,5,50,59,59,2,14,-59,59
8084,24,50,7,53,53,4,0,11,10,45,52,59,5,59,23,34,59,59,0,52,49,59,59,42,5,59,59,8,59,0,59,44,9,58,20,0,29,11,31,43,8,48,42,25,23,59,59,59,59,10,8,53,59,13,59,26,29,11,5,44,0,34,36,59,16,19,59,0,6,56,-9,59,59,58,0,33,3,-1,59,59,59,0,0,59,54,0.0,-26,-3,-4,-50,0,13,11,-23,-44,-59,-22
8236,6,12,-59,9,0,-58,-27,-3,-24,0,10,8,-25,17,3,0,18,17,-52,11,0,7,13,0,0,40,0,-33,19,-29,10,8,-26,0,-18,-54,4,-14,-14,4,-59,0,-28,-18,-14,14,0,59,9,-3,-8,0,54,0,44,-17,0,-4,-39,0,0,-13,0,24,-40,-21,17,-28,-15,6,-59,0,32,0,-51,0,-47,-39,5,-4,10,-21,-59,21,8,-26,0.0,2,5,0,42,54,59,-4,9,-59,32
6061,7,19,0,26,23,5,0,0,0,13,22,17,0,30,3,13,21,38,0,19,32,23,16,6,0,56,25,0,39,-3,59,26,0,27,0,3,14,5,0,14,0,34,0,0,0,40,41,59,0,0,0,19,45,0,50,0,5,4,0,0,0,0,0,35,0,2,29,0,0,20,0,0,59,13,0,16,0,0,0,-5,38,0,0,37,28,-3,2,0.0,-2,-7,0,15,5,-2,-15,-59,-9
8626,7,21,-3,30,29,7,-3,2,11,15,24,18,-4,36,3,15,24,45,-5,24,40,31,18,7,2,59,34,2,46,-4,59,28,-2,34,-3,-2,17,5,4,15,11,37,-5,11,-2,50,54,59,41,4,-1,27,51,1,55,7,6,5,2,31,-2,20,20,40,3,7,35,-4,2,24,-5,11,59,17,-4,21,3,-2,19,0,43,-3,-4,42,32,-4,5,-2,0.0,-6,3,15,6,-3,-20,-59,-14
7731,0,13,-59,10,-4,-59,-54,-8,-59,-11,10,7,-25,4,0,0,-15,13,-59,-5,-12,-2,13,0,-6,1,0,-40,11,-27,9,10,-27,0,-14,-59,4,-53,-14,0,-59,-13,-59,-47,-12,12,-7,59,-4,-7,-31,-7,19,-11,15,-20,-7,-8,-59,-15,-5,-29,-5,17,-51,-22,0,-59,-28,5,-59,-49,4,-34,-59,0,-59,-59,-19,-5,9,-39,-59,11,5,-50,0,-7,-6,0.0,43,59,59,1,10,-59,59
9134,23,49,13,47,53,14,0,19,23,39,42,53,0,59,25,29,59,59,0,50,53,59,59,40,0,59,59,8,59,0,59,41,11,55,22,0,27,8,25,41,47,45,0,28,20,59,59,59,59,8,9,53,59,8,59,28,34,10,0,45,-2,39,39,59,16,18,59,0,7,48,0,59,59,59,0,32,8,7,59,59,59,0,9,59,50,0,42,0,3,43,0.0,13,3,-29,-38,-59,-52
7030,50,59,33,59,59,27,15,40,33,53,59,59,20,59,48,45,59,59,11,59,59,59,59,59,17,59,59,24,59,19,59,58,27,59,40,17,43,19,42,54,41,56,44,39,36,59,59,56,59,21,31,59,59,39,59,45,53,23,12,58,5,51,58,59,31,36,59,12,22,59,10,58,59,59,20,47,22,20,59,59,59,12,25,59,59,13,54,15,15,59,13,0.0,-7,-47,-53,-59,-54
3849,59,59,48,59,59,20,52,59,29,59,59,59,15,59,59,59,59,59,0,59,59,59,59,59,8,59,59,22,59,12,59,59,19,59,44,7,59,59,59,59,57,59,59,58,59,59,59,59,59,19,59,59,59,59,59,59,59,19,34,59,0,45,58,59,59,41,59,10,24,59,0,59,59,59,0,54,31,5,59,59,59,59,0,59,59,11,59,5,6,59,3,-7,0.0,-59,-59,-59,-53
8995,2,5,-59,4,0,-59,-34,-10,-21,-9,4,0,-24,5,0,-5,2,11,-43,2,0,0,3,1,0,3,1,-26,7,-31,2,0,-20,3,-16,-41,-3,-12,-16,2,-59,-7,-39,-21,-14,8,-8,58,0,-9,-17,0,16,-9,12,-23,0,-4,-20,-16,-2,0,0,13,-40,-19,3,-25,-21,3,-59,-40,7,-30,-43,1,-33,-30,-17,-9,6,-22,-57,7,2,-23,-4,-2,-3,1,-29,-47,-59,0.0,3,-59,48
3723,3,20,-54,14,7,-57,-44,-7,-15,-1,18,15,-31,28,-1,-3,-6,23,-43,-1,8,17,24,1,-18,13,10,-31,22,-32,20,7,-26,11,-16,-41,-6,-32,-12,9,-52,4,-34,-17,-9,24,5,39,-2,-29,-31,6,29,-28,24,-12,-9,-19,-41,-7,-13,-2,-3,29,-32,-17,11,-45,-33,14,-59,-20,16,-12,-34,-1,-38,-47,-4,8,20,-45,-54,22,14,-44,9,-15,-20,10,-38,-53,-59,3,0.0,-59,44
8767,-59,-59,-59,-59,-59,-59,-59,-59,-59,-59,-46,-59,-59,-4,-59,-59,-4,-4,-59,-59,-4,-59,-59,-59,-59,-4,-46,-59,-4,-59,-4,-59,-59,-59,-3,-59,-59,-59,-59,-59,-4,-4,-4,-46,-59,-4,-4,-59,-4,-59,-59,-59,-46,-59,-46,-59,-59,-59,-59,-4,-59,-46,-59,-46,-46,-59,-4,-59,-59,-59,-59,-4,-3,-59,-46,-59,-59,-59,-4,-59,-59,-59,-59,-4,-59,-59,-59,-59,-59,-59,-59,-59,-59,-59,-59,0.0,59
26,54,56,-18,59,50,-22,5,32,-23,59,59,59,-28,59,59,54,59,59,-53,59,8,59,59,56,-16,59,57,-18,59,-40,59,52,-34,59,-4,-49,38,0,42,23,3,44,47,22,41,59,59,59,59,-18,24,48,59,32,59,23,42,-14,-35,47,-21,-7,14,59,16,-3,59,-21,-11,59,-50,59,59,28,-42,-9,-37,-34,59,59,59,-5,-47,59,59,-22,32,-9,-14,59,-52,-54,-53,48,44,59,0.0
